Benchmarking unidirectional blocking get, time unit microseconds:
Size (bytes)        Min time        Max time        Avg time
1                      2.200           2.200           2.200
2                      2.141           2.141           2.141
4                      2.111           2.111           2.111
8                      2.066           2.066           2.066
16                     2.045           2.045           2.045
32                     2.046           2.046           2.046
64                     2.076           2.076           2.076
128                    2.124           2.124           2.124
256                    2.195           2.195           2.195
512                    2.337           2.337           2.337
1024                   2.634           2.634           2.634
2048                   3.175           3.175           3.175
4096                   4.267           4.267           4.267
8192                   5.353           5.353           5.353
16384                  5.965           5.965           5.965
32768                  8.486           8.486           8.486
65536                 13.671          13.671          13.671
131072                23.687          23.687          23.687
262144                43.921          43.921          43.921
524288                84.523          84.523          84.523
1048576              165.158         165.158         165.158
