Benchmarking unidirectional blocking get, time unit microseconds:
Size (bytes)        Min time        Max time        Avg time
1                      2.312           2.372           2.334
2                      2.268           2.383           2.296
4                      2.218           2.256           2.235
8                      2.182           2.208           2.193
16                     2.171           2.199           2.183
32                     2.155           2.180           2.168
64                     2.149           2.166           2.158
128                    2.220           2.274           2.231
256                    2.298           2.313           2.308
512                    2.409           2.427           2.413
1024                   2.702           2.706           2.704
2048                   3.819           3.826           3.821
4096                   7.526           7.538           7.531
8192                  15.042          15.077          15.050
16384                 30.031          30.124          30.095
32768                 59.943          60.373          60.017
65536                120.185         120.519         120.252
131072               240.342         240.925         240.734
262144               481.153         481.841         481.591
524288               961.807         963.708         963.084
1048576             1921.785        1927.410        1923.773
