Benchmarking unidirectional blocking get, time unit microseconds:
Size (bytes)        Min time        Max time        Avg time
1                      2.292           2.346           2.330
2                      2.229           2.331           2.266
4                      2.176           2.206           2.195
8                      2.156           2.181           2.173
16                     2.157           2.179           2.171
32                     2.131           2.143           2.139
64                     2.137           2.146           2.141
128                    2.208           2.220           2.214
256                    2.284           2.294           2.289
512                    2.381           2.399           2.384
1024                   2.666           2.670           2.668
2048                   3.344           3.349           3.346
4096                   6.279           6.290           6.282
8192                  12.535          12.565          12.541
16384                 25.050          25.100          25.084
32768                 50.088          50.188          50.161
65536                100.191         100.371         100.312
131072               200.376         200.763         200.610
262144               400.874         401.513         401.246
524288               802.069         803.057         802.614
1048576             1605.060        1606.043        1605.552
