Benchmarking unidirectional blocking get, time unit microseconds:
Size (bytes)        Min time        Max time        Avg time
1                      2.202           2.202           2.202
2                      2.218           2.218           2.218
4                      2.098           2.098           2.098
8                      2.063           2.063           2.063
16                     2.054           2.054           2.054
32                     2.049           2.049           2.049
64                     2.065           2.065           2.065
128                    2.137           2.137           2.137
256                    2.216           2.216           2.216
512                    2.351           2.351           2.351
1024                   2.640           2.640           2.640
2048                   3.186           3.186           3.186
4096                   4.301           4.301           4.301
8192                   5.348           5.348           5.348
16384                  5.998           5.998           5.998
32768                  8.487           8.487           8.487
65536                 13.653          13.653          13.653
131072                23.709          23.709          23.709
262144                44.166          44.166          44.166
524288                84.332          84.332          84.332
1048576              165.155         165.155         165.155
