Benchmarking unidirectional blocking get, time unit microseconds:
Size (bytes)        Min time        Max time        Avg time
1                      2.090           2.163           2.102
2                      2.108           2.116           2.113
4                      2.111           2.185           2.128
8                      2.083           2.086           2.084
16                     2.075           2.099           2.081
32                     2.101           2.118           2.107
64                     2.143           2.162           2.152
128                    2.180           2.189           2.183
256                    2.228           2.241           2.231
512                    2.358           2.379           2.365
1024                   2.664           2.682           2.673
2048                   3.254           3.258           3.255
4096                   5.030           5.062           5.036
8192                  10.025          10.043          10.035
16384                 20.070          20.075          20.072
32768                 40.132          40.151          40.141
65536                 80.256          80.306          80.278
131072               160.183         160.858         160.536
262144               320.739         321.153         320.965
524288               641.403         642.422         641.906
1048576             1283.193        1284.987        1284.383
