Benchmarking unidirectional blocking get, time unit microseconds:
Size (bytes)        Min time        Max time        Avg time
1                      2.106           2.122           2.114
2                      2.093           2.105           2.099
4                      2.105           2.192           2.125
8                      2.110           2.167           2.135
16                     2.093           2.107           2.101
32                     2.103           2.114           2.109
64                     2.138           2.162           2.148
128                    2.199           2.232           2.218
256                    2.249           2.261           2.253
512                    2.369           2.395           2.374
1024                   2.688           2.710           2.699
2048                   3.377           3.394           3.388
4096                   6.268           6.284           6.276
8192                  12.527          12.558          12.540
16384                 25.065          25.092          25.081
32768                 50.144          50.192          50.174
65536                100.267         100.383         100.345
131072               200.188         200.835         200.537
262144               401.016         401.465         401.276
524288               802.106         803.251         802.665
1048576             1604.019        1606.184        1605.508
