Benchmarking unidirectional blocking get, time unit microseconds:
Size (bytes)        Min time        Max time        Avg time
1                      2.276           2.336           2.306
2                      2.231           2.250           2.241
4                      2.189           2.203           2.196
8                      2.155           2.165           2.160
16                     2.141           2.160           2.150
32                     2.128           2.132           2.130
64                     2.140           2.140           2.140
128                    2.189           2.190           2.190
256                    2.234           2.252           2.243
512                    2.373           2.374           2.373
1024                   2.660           2.660           2.660
2048                   3.206           3.209           3.208
4096                   4.296           4.313           4.305
8192                   5.324           5.327           5.326
16384                  6.054           6.056           6.055
32768                 10.050          10.063          10.056
65536                 20.054          20.099          20.076
131072                39.974          40.228          40.101
262144                80.275          80.300          80.287
524288               160.399         160.647         160.523
1048576              321.175         321.188         321.181
