Benchmarking unidirectional blocking get, time unit microseconds:
Size (bytes)        Min time        Max time        Avg time
1                      2.116           2.193           2.165
2                      2.117           2.180           2.152
4                      2.091           2.115           2.107
8                      2.083           2.090           2.087
16                     2.082           2.084           2.083
32                     2.113           2.117           2.114
64                     2.119           2.122           2.120
128                    2.193           2.200           2.197
256                    2.267           2.271           2.269
512                    2.412           2.424           2.416
1024                   2.664           2.682           2.671
2048                   3.214           3.230           3.220
4096                   4.285           4.294           4.289
8192                   5.356           5.372           5.362
16384                 10.045          10.053          10.047
32768                 20.064          20.078          20.071
65536                 40.130          40.144          40.137
131072                80.169          80.328          80.251
262144               160.311         160.662         160.505
524288               320.796         320.938         320.882
1048576              641.962         642.295         642.081
