Benchmarking unidirectional blocking get, time unit microseconds:
Size (bytes)        Min time        Max time        Avg time
1                      7.139          18.504          16.111
2                      9.544          14.533          12.476
4                      7.975          13.146          10.949
8                      9.033          14.255          11.900
16                     8.054          13.405          11.078
32                     9.585          14.212          12.124
64                     8.730          13.817          11.510
128                    9.783          14.859          12.646
256                    8.924          14.642          12.194
512                   10.872          15.912          13.723
1024                  11.494          18.337          16.045
2048                  16.526          22.613          19.103
4096                  23.028          29.766          28.024
8192                  29.913          37.382          32.895
16384                 36.414          43.968          39.578
32768                 36.590          47.592          43.159
65536                 66.942          79.724          73.792
131072               140.167         160.778         155.331
262144               312.764         325.682         318.086
524288               636.634         644.197         640.175
1048576             1287.545        1294.002        1290.004
