Benchmarking unidirectional blocking get, time unit microseconds:
Size (bytes)        Min time        Max time        Avg time
1                      2.110           2.110           2.110
2                      2.103           2.103           2.103
4                      2.045           2.045           2.045
8                      2.025           2.025           2.025
16                     2.023           2.023           2.023
32                     2.035           2.035           2.035
64                     2.053           2.053           2.053
128                    2.120           2.120           2.120
256                    2.201           2.201           2.201
512                    2.315           2.315           2.315
1024                   2.603           2.603           2.603
2048                   3.152           3.152           3.152
4096                   4.243           4.243           4.243
8192                   5.331           5.331           5.331
16384                  5.927           5.927           5.927
32768                  8.460           8.460           8.460
65536                 13.631          13.631          13.631
131072                23.668          23.668          23.668
262144                43.824          43.824          43.824
524288                84.876          84.876          84.876
1048576              165.343         165.343         165.343
