Benchmarking unidirectional blocking get, time unit microseconds:
Size (bytes)        Min time        Max time        Avg time
1                      2.244           2.286           2.270
2                      2.204           2.252           2.229
4                      2.164           2.200           2.184
8                      2.135           2.166           2.152
16                     2.117           2.143           2.132
32                     2.084           2.094           2.089
64                     2.106           2.115           2.110
128                    2.166           2.178           2.172
256                    2.236           2.252           2.241
512                    2.381           2.386           2.383
1024                   2.684           2.691           2.687
2048                   3.233           3.239           3.235
4096                   4.334           4.341           4.336
8192                   5.414           5.429           5.419
16384                 10.032          10.046          10.035
32768                 20.062          20.082          20.068
65536                 40.112          40.154          40.135
131072                80.182          80.287          80.242
262144               160.165         160.792         160.507
524288               320.669         321.213         321.012
1048576              641.902         642.364         642.196
