Benchmarking unidirectional blocking get, time unit microseconds:
Size (bytes)        Min time        Max time        Avg time
1                      4.361           8.219           7.145
2                      3.296           7.276           5.551
4                      5.268           8.736           7.470
8                      6.747           7.169           6.933
16                     6.162           7.443           7.079
32                     5.360           8.901           7.704
64                     6.833           7.104           6.992
128                    6.528           9.131           8.411
256                    4.067           8.400           6.894
512                    7.185           7.963           7.438
1024                   5.086           9.710           7.958
2048                   5.488          10.898           8.782
4096                   8.363          13.466          11.490
8192                   8.045          16.256          13.021
16384                 10.424          17.488          14.543
32768                 19.111          22.281          20.785
65536                 36.548          41.079          38.555
131072                77.426          81.368          79.627
262144               161.569         161.729         161.636
524288               323.013         323.326         323.208
1048576              645.945         646.901         646.422
