Benchmarking unidirectional blocking get, time unit microseconds:
Size (bytes)        Min time        Max time        Avg time
1                      6.195          21.295          18.878
2                     16.330          19.586          17.697
4                     12.475          19.821          14.851
8                     19.673          21.749          20.499
16                    19.632          21.856          20.813
32                    19.548          22.453          21.730
64                    17.926          22.070          20.637
128                   17.402          21.923          19.720
256                   15.119          22.401          19.543
512                   15.869          21.800          18.875
1024                  14.250          23.913          19.072
2048                  23.145          27.991          25.476
4096                  24.625          31.637          28.764
8192                  26.627          37.050          32.562
16384                 35.382          44.477          39.495
32768                 49.713          60.887          54.359
65536                 95.020         103.137          98.235
131072               196.109         202.958         200.048
262144               397.690         404.536         401.605
524288               802.870         808.021         805.471
1048576             1613.459        1618.386        1616.568
