Benchmarking unidirectional blocking get, time unit microseconds:
Size (bytes)        Min time        Max time        Avg time
1                      4.299           4.328           4.314
2                      4.327           4.756           4.541
4                      3.522           4.464           3.993
8                      4.363           4.491           4.427
16                     3.407           4.542           3.975
32                     4.073           4.311           4.192
64                     3.495           4.572           4.033
128                    3.479           4.650           4.064
256                    2.653           2.894           2.774
512                    3.853           4.832           4.342
1024                   4.085           5.461           4.773
2048                   5.557           6.955           6.256
4096                   8.558           9.151           8.854
8192                   9.890          10.077           9.983
16384                 12.056          12.464          12.260
32768                 14.800          15.054          14.927
65536                 21.686          27.775          24.731
131072                24.801          46.051          35.426
262144                71.230          92.220          81.725
524288               141.844         148.617         145.230
1048576              246.729         339.022         292.876
