Benchmarking unidirectional blocking get, time unit microseconds:
Size (bytes)        Min time        Max time        Avg time
1                      2.194           2.223           2.201
2                      2.164           2.178           2.169
4                      2.157           2.219           2.174
8                      2.140           2.151           2.143
16                     2.143           2.156           2.146
32                     2.162           2.178           2.168
64                     2.209           2.224           2.215
128                    2.258           2.279           2.268
256                    2.329           2.343           2.333
512                    2.425           2.438           2.429
1024                   2.711           2.730           2.719
2048                   3.276           3.291           3.283
4096                   4.471           4.495           4.484
8192                   7.522           7.541           7.535
16384                 15.036          15.062          15.054
32768                 30.100          30.116          30.107
65536                 60.201          60.226          60.213
131072               120.239         120.648         120.395
262144               240.476         240.871         240.701
524288               481.406         482.009         481.648
1048576              963.062         963.725         963.426
