Benchmarking unidirectional blocking get, time unit microseconds:
Size (bytes)        Min time        Max time        Avg time
1                      2.117           2.134           2.126
2                      2.119           2.174           2.133
4                      2.105           2.168           2.113
8                      2.114           2.175           2.125
16                     2.121           2.143           2.129
32                     2.114           2.134           2.123
64                     2.139           2.163           2.147
128                    2.205           2.257           2.219
256                    2.255           2.274           2.263
512                    2.402           2.419           2.409
1024                   2.729           2.745           2.735
2048                   3.807           3.832           3.819
4096                   7.509           7.583           7.527
8192                  15.043          15.060          15.051
16384                 30.077          30.113          30.097
32768                 60.166          60.230          60.199
65536                120.343         120.470         120.409
131072               240.055         240.877         240.683
262144               480.915         481.988         481.562
524288               962.907         963.662         963.306
1048576             1925.350        1927.185        1926.218
