Benchmarking unidirectional blocking get, time unit microseconds:
Size (bytes)        Min time        Max time        Avg time
1                     25.550          30.240          28.981
2                     26.927          31.381          29.145
4                     23.760          26.224          25.212
8                     22.984          25.764          24.377
16                    23.132          25.494          24.378
32                    24.325          25.350          24.881
64                    23.306          25.226          24.485
128                   23.301          25.913          24.963
256                   23.450          25.780          25.047
512                   24.792          26.691          26.022
1024                  24.846          27.525          26.707
2048                  27.779          29.774          29.091
4096                  28.989          32.773          31.720
8192                  34.439          37.711          36.491
16384                 33.870          36.416          35.528
32768                 58.390          60.592          59.948
65536                118.941         121.153         120.472
131072               241.508         242.816         242.062
262144               482.304         484.732         483.995
524288               968.682         970.240         969.612
1048576             1937.235        1940.756        1938.986
