Benchmarking unidirectional blocking get, time unit microseconds:
Size (bytes)        Min time        Max time        Avg time
1                      2.262           2.309           2.290
2                      2.214           2.244           2.232
4                      2.186           2.256           2.205
8                      2.161           2.183           2.174
16                     2.138           2.153           2.147
32                     2.117           2.126           2.123
64                     2.123           2.139           2.129
128                    2.212           2.256           2.221
256                    2.274           2.281           2.279
512                    2.394           2.397           2.396
1024                   2.660           2.677           2.663
2048                   3.227           3.232           3.228
4096                   5.032           5.048           5.036
8192                  10.026          10.057          10.033
16384                 20.060          20.090          20.065
32768                 40.101          40.146          40.135
65536                 80.237          80.293          80.273
131072               160.215         160.696         160.469
262144               320.696         321.149         320.991
524288               641.943         642.391         642.161
1048576             1283.795        1285.006        1284.485
