Benchmarking unidirectional blocking get, time unit microseconds:
Size (bytes)        Min time        Max time        Avg time
1                      2.247           2.296           2.269
2                      2.211           2.250           2.228
4                      2.181           2.210           2.193
8                      2.146           2.199           2.164
16                     2.108           2.123           2.115
32                     2.090           2.097           2.094
64                     2.118           2.125           2.122
128                    2.175           2.199           2.182
256                    2.271           2.279           2.275
512                    2.404           2.406           2.404
1024                   2.679           2.684           2.681
2048                   3.210           3.224           3.214
4096                   4.307           4.319           4.312
8192                   7.526           7.574           7.536
16384                 15.046          15.070          15.050
32768                 30.091          30.125          30.101
65536                 60.184          60.217          60.201
131072               120.212         120.600         120.341
262144               240.353         240.883         240.669
524288               481.372         481.830         481.568
1048576              962.838         963.557         963.274
