Benchmarking unidirectional blocking get, time unit microseconds:
Size (bytes)        Min time        Max time        Avg time
1                      2.205           2.209           2.207
2                      2.161           2.176           2.168
4                      2.120           2.128           2.124
8                      2.087           2.101           2.094
16                     2.079           2.105           2.092
32                     2.075           2.076           2.076
64                     2.090           2.098           2.094
128                    2.163           2.168           2.166
256                    2.228           2.236           2.232
512                    2.360           2.366           2.363
1024                   2.642           2.654           2.648
2048                   3.180           3.191           3.186
4096                   4.287           4.308           4.297
8192                   5.274           5.278           5.276
16384                  6.088           6.109           6.098
32768                 10.100          10.115          10.108
65536                 20.089          20.107          20.098
131072                40.137          40.150          40.143
262144                80.247          80.358          80.303
524288               160.542         160.641         160.592
1048576              321.147         321.253         321.200
