Benchmarking unidirectional blocking get, time unit microseconds:
Size (bytes)        Min time        Max time        Avg time
1                      4.749          13.016          10.283
2                      3.864          10.020           7.677
4                      4.963           9.578           7.795
8                      5.343          10.235           7.892
16                     4.781           9.509           7.844
32                     5.366          10.454           8.286
64                     5.104           9.655           8.128
128                    5.545          10.828           8.324
256                    5.623          10.065           8.265
512                    6.540          12.182           9.381
1024                   6.568          12.138          10.002
2048                  10.121          16.727          14.257
4096                  11.469          20.252          16.831
8192                  23.066          27.824          25.985
16384                 25.723          29.877          28.221
32768                 31.737          34.649          33.556
65536                 56.924          60.100          58.483
131072               114.466         118.941         116.710
262144               238.350         242.992         241.232
524288               482.439         485.086         483.847
1048576              969.470         971.240         970.347
