Benchmarking unidirectional blocking put, time unit microseconds:
Size (bytes)        Min time        Max time        Avg time
1                      0.137           0.160           0.149
2                      0.136           0.155           0.148
4                      0.135           0.153           0.146
8                      0.136           0.154           0.147
16                     0.137           0.154           0.147
32                     0.140           0.175           0.162
64                     0.138           0.174           0.160
128                    0.218           0.223           0.222
256                    0.707           3.009           1.922
512                    0.586           0.603           0.595
1024                   1.091           1.101           1.095
2048                   2.070           2.078           2.072
4096                   4.056           4.075           4.063
8192                   8.105           8.127           8.114
16384                 15.067          15.072          15.069
32768                 30.092          30.128          30.109
65536                 60.181          60.233          60.211
131072               120.103         120.440         120.268
262144               240.524         240.921         240.778
524288               481.407         482.096         481.678
1048576              963.055         963.628         963.401
