Benchmarking unidirectional blocking put, time unit microseconds:
Size (bytes)        Min time        Max time        Avg time
1                      0.257           0.277           0.261
2                      0.163           0.166           0.165
4                      0.163           0.166           0.165
8                      0.200           0.204           0.203
16                     0.163           0.166           0.165
32                     0.240           0.268           0.243
64                     0.246           0.247           0.246
128                    0.369           0.369           0.369
256                    0.904           0.935           0.917
512                    1.014           1.018           1.016
1024                   1.826           1.833           1.830
2048                   3.446           3.461           3.454
4096                   6.780           6.795           6.788
8192                  13.486          13.546          13.522
16384                 25.100          25.119          25.110
32768                 50.170          50.218          50.196
65536                100.342         100.408         100.377
131072               200.310         200.898         200.562
262144               400.464         401.739         401.159
524288               802.245         803.180         802.801
1048576             1604.813        1606.158        1605.507
