Benchmarking unidirectional blocking put, time unit microseconds:
Size (bytes)        Min time        Max time        Avg time
1                      0.142           0.146           0.144
2                      0.106           0.115           0.112
4                      0.107           0.116           0.113
8                      0.106           0.115           0.112
16                     0.107           0.115           0.113
32                     0.120           0.124           0.122
64                     0.122           0.125           0.124
128                    0.151           0.151           0.151
256                    0.643           0.654           0.649
512                    0.400           0.402           0.401
1024                   0.732           0.736           0.735
2048                   1.383           1.386           1.384
4096                   2.704           2.708           2.706
8192                   5.398           5.408           5.405
16384                 10.063          10.070          10.066
32768                 20.082          20.086          20.084
65536                 40.134          40.166          40.150
131072                79.850          80.346          80.194
262144               160.421         160.723         160.566
524288               320.541         321.117         320.871
1048576              641.540         642.343         641.942
