Benchmarking unidirectional blocking put, time unit microseconds:
Size (bytes)        Min time        Max time        Avg time
1                      0.151           0.169           0.162
2                      0.152           0.168           0.162
4                      0.153           0.170           0.163
8                      0.151           0.168           0.162
16                     0.153           0.170           0.164
32                     0.239           0.254           0.246
64                     0.242           0.253           0.248
128                    0.371           0.374           0.372
256                    0.880           4.809           2.887
512                    0.993           1.029           1.006
1024                   1.824           1.835           1.830
2048                   3.445           3.459           3.452
4096                   6.762           6.783           6.774
8192                  13.494          13.523          13.511
16384                 25.096          25.120          25.106
32768                 50.173          50.211          50.192
65536                100.225         100.385         100.330
131072               200.303         200.822         200.561
262144               400.891         401.512         401.173
524288               801.730         803.253         802.714
1048576             1604.625        1606.289        1605.436
