Benchmarking unidirectional blocking put, time unit microseconds:
Size (bytes)        Min time        Max time        Avg time
1                      1.374           3.902           3.369
2                      1.092           2.875           2.347
4                      1.006           2.489           2.036
8                      0.931           2.290           2.010
16                     0.929           2.149           1.888
32                     1.795           2.568           2.367
64                     1.738           2.705           2.450
128                    2.041           2.783           2.532
256                    0.343           5.770           4.899
512                    0.355           5.484           4.666
1024                   0.376           5.690           4.853
2048                   0.469           6.794           5.725
4096                   0.654           8.242           7.059
8192                   1.354          12.077          10.221
16384                 20.966          23.078          21.962
32768                 38.080          40.372          39.387
65536                 78.614          80.418          79.696
131072               159.720         161.095         160.556
262144               321.411         321.826         321.592
524288               643.050         644.154         643.593
1048576             1286.484        1288.725        1287.613
