Benchmarking unidirectional blocking put, time unit microseconds:
Size (bytes)        Min time        Max time        Avg time
1                      0.151           0.170           0.160
2                      0.152           0.164           0.156
4                      0.148           0.164           0.156
8                      0.149           0.164           0.156
16                     0.150           0.163           0.155
32                     0.197           0.200           0.198
64                     0.198           0.201           0.199
128                    0.296           0.297           0.297
256                    0.833           3.920           2.417
512                    0.791           0.818           0.804
1024                   1.458           1.467           1.464
2048                   2.761           2.773           2.769
4096                   5.406           5.437           5.424
8192                  10.796          10.826          10.813
16384                 20.079          20.106          20.085
32768                 40.130          40.172          40.153
65536                 80.237          80.326          80.279
131072               160.364         160.670         160.498
262144               320.544         321.312         320.980
524288               641.666         642.351         642.128
1048576             1284.116        1284.955        1284.541
