Benchmarking unidirectional blocking put, time unit microseconds:
Size (bytes)        Min time        Max time        Avg time
1                      1.414           4.721           4.104
2                      0.605           3.709           2.841
4                      0.824           3.146           2.525
8                      1.047           2.893           2.376
16                     1.354           3.092           2.577
32                     2.310           3.451           3.129
64                     2.297           3.573           3.142
128                    2.771           3.767           3.361
256                    0.336           7.398           6.042
512                    0.330           6.975           5.713
1024                   0.368           7.779           6.211
2048                   1.860           7.285           5.064
4096                   5.194           6.760           5.853
8192                  13.067          18.574          15.552
16384                 26.616          28.477          27.477
32768                 49.455          50.362          49.994
65536                 97.095         100.422          99.505
131072               199.609         200.775         200.373
262144               400.458         402.253         401.411
524288               802.974         804.270         803.621
1048576             1606.264        1609.136        1607.725
