Benchmarking unidirectional blocking put, time unit microseconds:
Size (bytes)        Min time        Max time        Avg time
1                      0.218           0.223           0.220
2                      0.124           0.138           0.131
4                      0.124           0.139           0.131
8                      0.125           0.138           0.131
16                     0.124           0.139           0.132
32                     0.193           0.212           0.197
64                     0.197           0.200           0.198
128                    0.295           0.296           0.295
256                    0.771           0.815           0.799
512                    0.808           0.859           0.819
1024                   1.460           1.470           1.465
2048                   2.766           2.773           2.770
4096                   5.414           5.430           5.425
8192                  10.810          10.835          10.826
16384                 20.088          20.092          20.090
32768                 40.137          40.178          40.160
65536                 80.258          80.321          80.293
131072               160.088         160.777         160.440
262144               320.860         321.274         321.125
524288               641.529         642.318         642.033
1048576             1284.270        1284.886        1284.603
