Benchmarking unidirectional blocking put, time unit microseconds:
Size (bytes)        Min time        Max time        Avg time
1                      0.294           0.296           0.295
2                      0.195           0.199           0.198
4                      0.197           0.199           0.198
8                      0.197           0.199           0.198
16                     0.183           0.234           0.192
32                     0.295           0.296           0.296
64                     0.295           0.297           0.296
128                    0.442           0.444           0.443
256                    1.053           1.083           1.066
512                    1.209           1.224           1.219
1024                   2.181           2.197           2.191
2048                   4.120           4.145           4.139
4096                   8.118           8.161           8.138
8192                  16.155          16.242          16.204
16384                 30.117          30.136          30.127
32768                 60.179          60.269          60.234
65536                120.377         120.497         120.437
131072               240.452         241.079         240.709
262144               481.161         481.961         481.583
524288               962.358         963.811         963.180
1048576             1925.138        1927.647        1926.792
