Benchmarking unidirectional blocking put, time unit microseconds:
Size (bytes)        Min time        Max time        Avg time
1                      0.181           0.233           0.196
2                      0.179           0.234           0.196
4                      0.180           0.235           0.196
8                      0.180           0.235           0.196
16                     0.178           0.236           0.195
32                     0.290           0.334           0.295
64                     0.290           0.334           0.295
128                    0.441           0.458           0.445
256                    0.858           5.643           3.251
512                    1.260           1.286           1.271
1024                   2.201           2.222           2.210
2048                   4.140           4.192           4.153
4096                   8.102           8.221           8.148
8192                  16.194          16.431          16.270
16384                 30.043          30.174          30.097
32768                 60.103          60.246          60.174
65536                120.383         120.502         120.438
131072               240.431         241.123         240.750
262144               480.487         481.768         481.480
524288               962.403         963.681         963.077
1048576             1926.315        1927.148        1926.742
