Benchmarking unidirectional blocking put, time unit microseconds:
Size (bytes)        Min time        Max time        Avg time
1                      2.130           5.830           4.979
2                      1.150           4.639           3.465
4                      0.339           3.623           2.769
8                      0.365           3.510           2.494
16                     0.898           3.669           2.878
32                     1.087           4.270           3.429
64                     1.359           3.956           3.111
128                    1.465           4.283           3.765
256                    0.323          10.016           8.109
512                    1.437           8.848           7.400
1024                   1.698           9.154           6.882
2048                   4.423          11.033           7.823
4096                   9.449          15.276          12.753
8192                   7.782          17.876          13.054
16384                 31.532          35.331          33.835
32768                 57.128          60.746          59.529
65536                117.502         120.986         119.913
131072               239.146         241.763         240.610
262144               481.875         483.691         482.888
524288               966.566         968.638         967.410
1048576             1933.864        1937.337        1935.609
