Benchmarking unidirectional blocking put, time unit microseconds:
Size (bytes)        Min time        Max time        Avg time
1                      0.217           0.217           0.217
2                      0.213           0.213           0.213
4                      0.213           0.213           0.213
8                      0.208           0.208           0.208
16                     0.200           0.200           0.200
32                     0.223           0.223           0.223
64                     0.226           0.226           0.226
128                    0.237           0.237           0.237
256                    0.968           0.968           0.968
512                    0.470           0.470           0.470
1024                   0.533           0.533           0.533
2048                   0.627           0.627           0.627
4096                   0.850           0.850           0.850
8192                   1.276           1.276           1.276
16384                  5.655           5.655           5.655
32768                  8.143           8.143           8.143
65536                 13.395          13.395          13.395
131072                23.651          23.651          23.651
262144                43.506          43.506          43.506
524288                83.654          83.654          83.654
1048576              164.208         164.208         164.208
