Benchmarking unidirectional blocking put, time unit microseconds:
Size (bytes)        Min time        Max time        Avg time
1                      0.955           2.044           1.678
2                      0.559           2.456           1.800
4                      0.876           2.011           1.741
8                      0.852           1.827           1.515
16                     0.951           1.713           1.432
32                     0.787           1.605           1.282
64                     0.812           1.639           1.441
128                    1.263           1.763           1.624
256                    0.360           3.432           2.831
512                    0.360           3.426           2.769
1024                   0.373           3.728           2.969
2048                   0.485           4.537           3.697
4096                   0.651           5.773           4.790
8192                   1.407           7.709           6.273
16384                 19.685          21.994          20.675
32768                 27.578          30.444          28.993
65536                 58.820          60.476          59.512
131072               119.650         120.731         120.039
262144               240.927         241.346         241.127
524288               481.765         482.566         482.186
1048576              963.669         965.255         964.458
