Benchmarking unidirectional blocking put, time unit microseconds:
Size (bytes)        Min time        Max time        Avg time
1                      0.141           0.173           0.160
2                      0.140           0.170           0.158
4                      0.139           0.170           0.158
8                      0.140           0.170           0.158
16                     0.140           0.168           0.157
32                     0.154           0.183           0.174
64                     0.156           0.181           0.173
128                    0.167           0.185           0.179
256                    0.849           2.271           1.594
512                    0.364           0.377           0.369
1024                   0.721           0.724           0.722
2048                   1.360           1.365           1.363
4096                   2.674           2.681           2.678
8192                   5.361           5.372           5.367
16384                 10.039          10.056          10.044
32768                 20.076          20.089          20.079
65536                 40.125          40.157          40.137
131072                80.256          80.273          80.266
262144               160.459         160.693         160.541
524288               320.477         321.443         321.011
1048576              642.042         642.606         642.234
