Benchmarking unidirectional blocking put, time unit microseconds:
Size (bytes)        Min time        Max time        Avg time
1                      0.636           0.668           0.652
2                      0.201           0.344           0.273
4                      0.196           0.335           0.265
8                      0.190           0.318           0.254
16                     0.185           0.316           0.251
32                     0.208           0.344           0.276
64                     0.197           0.341           0.269
128                    0.320           0.660           0.490
256                    1.427           1.946           1.686
512                    1.199           1.344           1.271
1024                   0.416           0.676           0.546
2048                   0.507           0.794           0.651
4096                   1.157           1.909           1.533
8192                   1.982           2.768           2.375
16384                 11.309          11.699          11.504
32768                 12.390          16.573          14.482
65536                 17.780          28.202          22.991
131072                23.625          23.740          23.682
262144                50.534          82.401          66.468
524288                83.869          84.249          84.059
1048576              164.449         176.692         170.570
