Benchmarking unidirectional blocking put, time unit microseconds:
Size (bytes)        Min time        Max time        Avg time
1                      0.174           0.194           0.184
2                      0.169           0.186           0.178
4                      0.166           0.185           0.176
8                      0.164           0.182           0.173
16                     0.163           0.183           0.173
32                     0.178           0.187           0.183
64                     0.176           0.187           0.182
128                    0.195           0.204           0.199
256                    0.871           0.920           0.896
512                    0.398           0.429           0.413
1024                   0.444           0.479           0.461
2048                   0.651           0.652           0.652
4096                   1.291           1.298           1.295
8192                   2.614           2.622           2.618
16384                  5.653           5.666           5.660
32768                 10.053          10.055          10.054
65536                 20.092          20.092          20.092
131072                40.144          40.155          40.149
262144                80.269          80.301          80.285
524288               160.461         160.622         160.541
1048576              321.051         321.418         321.235
