Benchmarking unidirectional blocking put, time unit microseconds:
Size (bytes)        Min time        Max time        Avg time
1                      0.221           0.221           0.221
2                      0.220           0.220           0.220
4                      0.212           0.212           0.212
8                      0.213           0.213           0.213
16                     0.213           0.213           0.213
32                     0.239           0.239           0.239
64                     0.240           0.240           0.240
128                    0.239           0.239           0.239
256                    0.976           0.976           0.976
512                    0.476           0.476           0.476
1024                   0.532           0.532           0.532
2048                   0.640           0.640           0.640
4096                   0.866           0.866           0.866
8192                   1.276           1.276           1.276
16384                  5.687           5.687           5.687
32768                  8.164           8.164           8.164
65536                 13.429          13.429          13.429
131072                23.705          23.705          23.705
262144                43.523          43.523          43.523
524288                83.680          83.680          83.680
1048576              164.031         164.031         164.031
