Benchmarking unidirectional blocking put, time unit microseconds:
Size (bytes)        Min time        Max time        Avg time
1                      0.188           0.190           0.189
2                      0.109           0.122           0.117
4                      0.109           0.121           0.116
8                      0.109           0.121           0.116
16                     0.110           0.117           0.114
32                     0.147           0.149           0.148
64                     0.147           0.149           0.148
128                    0.221           0.223           0.222
256                    0.691           0.701           0.695
512                    0.603           0.610           0.607
1024                   1.098           1.100           1.099
2048                   2.072           2.078           2.075
4096                   3.995           4.082           4.065
8192                   8.104           8.130           8.121
16384                 15.055          15.073          15.063
32768                 30.105          30.129          30.120
65536                 60.216          60.242          60.226
131072               120.104         120.434         120.319
262144               240.559         240.917         240.749
524288               481.192         481.914         481.557
1048576              962.818         963.635         963.321
