Benchmarking unidirectional blocking put, time unit microseconds:
Size (bytes)        Min time        Max time        Avg time
1                      0.131           0.131           0.131
2                      0.131           0.131           0.131
4                      0.131           0.131           0.131
8                      0.132           0.132           0.132
16                     0.130           0.130           0.130
32                     0.146           0.146           0.146
64                     0.146           0.146           0.146
128                    0.144           0.144           0.144
256                    0.693           0.693           0.693
512                    0.259           0.259           0.259
1024                   0.313           0.313           0.313
2048                   0.419           0.419           0.419
4096                   0.651           0.651           0.651
8192                   1.289           1.289           1.289
16384                  5.641           5.641           5.641
32768                  8.111           8.111           8.111
65536                 13.376          13.376          13.376
131072                23.406          23.406          23.406
262144                43.756          43.756          43.756
524288                83.644          83.644          83.644
1048576              164.222         164.222         164.222
