Benchmarking unidirectional blocking put, time unit microseconds:
Size (bytes)        Min time        Max time        Avg time
1                      0.696           1.382           1.170
2                      1.036           1.299           1.135
4                      1.368           1.477           1.409
8                      1.020           1.433           1.274
16                     0.830           1.280           1.111
32                     0.831           1.338           1.084
64                     0.626           1.215           1.034
128                    0.524           1.088           0.923
256                    1.666           3.059           2.317
512                    2.319           2.605           2.471
1024                   2.621           2.784           2.672
2048                   2.739           3.159           2.937
4096                   3.924           4.224           4.053
8192                   4.250           5.747           5.188
16384                 15.321          16.608          16.000
32768                 20.679          24.336          22.612
65536                 39.391          40.637          39.741
131072                80.527          80.830          80.633
262144               161.017         161.165         161.086
524288               321.935         322.412         322.175
1048576              643.626         644.586         644.104
