Benchmarking unidirectional blocking put, time unit microseconds:
Size (bytes)        Min time        Max time        Avg time
1                      0.155           0.166           0.160
2                      0.153           0.164           0.158
4                      0.153           0.163           0.158
8                      0.153           0.164           0.158
16                     0.153           0.162           0.157
32                     0.170           0.179           0.174
64                     0.171           0.176           0.174
128                    0.172           0.181           0.176
256                    0.908           1.398           1.153
512                    0.334           0.383           0.358
1024                   0.384           0.433           0.409
2048                   0.651           0.655           0.653
4096                   1.294           1.303           1.299
8192                   2.605           2.620           2.612
16384                  5.771           5.795           5.783
32768                 10.041          10.052          10.047
65536                 20.073          20.097          20.085
131072                40.165          40.175          40.170
262144                80.224          80.323          80.274
524288               160.353         160.606         160.479
1048576              320.911         321.198         321.054
